0.01 .980248 .019604 .000147 .000001 .000000 .000000 .000000 .000000 .000000 .000000 .000000 .000000 .000000     133.25   37454.87     281.09     584.16  164201.31
0.02 .960791 .038623 .000582 .000004 .000000 .000000 .000000 .000000 .000000 .000000 .000000 .000000 .000000      66.34    9287.37     140.01     291.39   40795.83
0.03 .941624 .057066 .001296 .000014 .000000 .000000 .000000 .000000 .000000 .000000 .000000 .000000 .000000      44.03    4093.87      92.98     193.80   18018.69
0.04 .922746 .074942 .002279 .000033 .000000 .000000 .000000 .000000 .000000 .000000 .000000 .000000 .000000      32.88    2283.80      69.46     145.00   10072.25
0.05 .904152 .092260 .003523 .000064 .000001 .000000 .000000 .000000 .000000 .000000 .000000 .000000 .000000      26.19    1449.50      55.35     115.73    6405.86
0.06 .885841 .109030 .005019 .000109 .000001 .000000 .000000 .000000 .000000 .000000 .000000 .000000 .000000      21.73     998.19      45.95      96.21    4420.56
0.07 .867808 .125261 .006757 .000172 .000002 .000000 .000000 .000000 .000000 .000000 .000000 .000000 .000000      18.54     727.20      39.23      82.27    3227.27
0.08 .850051 .140961 .008729 .000255 .000004 .000000 .000000 .000000 .000000 .000000 .000000 .000000 .000000      16.15     552.05      34.19      71.82    2455.24
0.09 .832566 .156140 .010927 .000361 .000006 .000000 .000000 .000000 .000000 .000000 .000000 .000000 .000000      14.29     432.48      30.27      63.69    1927.62
0.10 .815352 .170805 .013342 .000492 .000009 .000000 .000000 .000000 .000000 .000000 .000000 .000000 .000000      12.80     347.31      27.13      57.19    1551.42
0.11 .798404 .184967 .015966 .000650 .000013 .000000 .000000 .000000 .000000 .000000 .000000 .000000 .000000      11.58     284.56      24.56      51.87    1273.96
0.12 .781721 .198633 .018791 .000838 .000018 .000000 .000000 .000000 .000000 .000000 .000000 .000000 .000000      10.57     237.03      22.42      47.43    1063.61
0.13 .765298 .211812 .021808 .001058 .000024 .000000 .000000 .000000 .000000 .000000 .000000 .000000 .000000       9.71     200.21      20.61      43.68     900.43
0.14 .749133 .224512 .025010 .001312 .000032 .000000 .000000 .000000 .000000 .000000 .000000 .000000 .000000       8.98     171.11      19.06      40.47     771.37
0.15 .733224 .236742 .028389 .001602 .000043 .000001 .000000 .000000 .000000 .000000 .000000 .000000 .000000       8.34     147.74      17.72      37.68     667.58
0.16 .717567 .248510 .031937 .001931 .000055 .000001 .000000 .000000 .000000 .000000 .000000 .000000 .000000       7.78     128.69      16.54      35.25     582.92
0.17 .702159 .259824 .035647 .002300 .000069 .000001 .000000 .000000 .000000 .000000 .000000 .000000 .000000       7.29     112.98      15.50      33.10     512.98
0.18 .686998 .270692 .039510 .002711 .000087 .000002 .000000 .000000 .000000 .000000 .000000 .000000 .000000       6.85      99.86      14.58      31.19     454.56
0.19 .672081 .281123 .043521 .003165 .000107 .000002 .000000 .000000 .000000 .000000 .000000 .000000 .000000       6.46      88.81      13.75      29.48     405.28
0.20 .657405 .291125 .047670 .003666 .000131 .000003 .000000 .000000 .000000 .000000 .000000 .000000 .000000       6.11      79.42      13.00      27.94     363.34
0.21 .642968 .300704 .051953 .004213 .000159 .000003 .000000 .000000 .000000 .000000 .000000 .000000 .000000       5.79      71.37      12.33      26.55     327.37
0.22 .628766 .309870 .056360 .004809 .000190 .000004 .000000 .000000 .000000 .000000 .000000 .000000 .000000       5.50      64.43      11.72      25.28     296.30
0.23 .614797 .318630 .060886 .005456 .000226 .000005 .000000 .000000 .000000 .000000 .000000 .000000 .000000       5.23      58.40      11.16      24.13     269.27
0.24 .601058 .326991 .065523 .006155 .000267 .000006 .000000 .000000 .000000 .000000 .000000 .000000 .000000       4.99      53.13      10.65      23.07     245.64
0.25 .587547 .334961 .070266 .006906 .000313 .000008 .000000 .000000 .000000 .000000 .000000 .000000 .000000       4.77      48.50      10.17      22.10     224.85
0.26 .574260 .342548 .075106 .007712 .000364 .000010 .000000 .000000 .000000 .000000 .000000 .000000 .000000       4.56      44.41       9.74      21.20     206.48
0.27 .561196 .349758 .080038 .008575 .000421 .000011 .000000 .000000 .000000 .000000 .000000 .000000 .000000       4.37      40.79       9.33      20.37     190.16
0.28 .548352 .356601 .085056 .009494 .000484 .000014 .000000 .000000 .000000 .000000 .000000 .000000 .000000       4.19      37.56       8.96      19.60     175.61
0.29 .535724 .363081 .090153 .010471 .000555 .000016 .000000 .000000 .000000 .000000 .000000 .000000 .000000       4.03      34.68       8.61      18.88     162.58
0.30 .523311 .369208 .095323 .011507 .000632 .000019 .000000 .000000 .000000 .000000 .000000 .000000 .000000       3.87      32.08       8.28      18.21     150.87
0.31 .511109 .374988 .100559 .012604 .000717 .000023 .000000 .000000 .000000 .000000 .000000 .000000 .000000       3.73      29.75       7.98      17.59     140.32
0.32 .499117 .380428 .105856 .013762 .000810 .000027 .000000 .000000 .000000 .000000 .000000 .000000 .000000       3.59      27.64       7.69      17.00     130.77
0.33 .487332 .385535 .111209 .014983 .000911 .000031 .000000 .000000 .000000 .000000 .000000 .000000 .000000       3.47      25.73       7.42      16.45     122.10
0.34 .475750 .390316 .116610 .016266 .001021 .000036 .000000 .000000 .000000 .000000 .000000 .000000 .000000       3.35      24.00       7.17      15.93     114.22
0.35 .464371 .394778 .122055 .017613 .001140 .000042 .000000 .000000 .000000 .000000 .000000 .000000 .000000       3.23      22.41       6.93      15.44     107.02
0.36 .453191 .398928 .127538 .019025 .001270 .000048 .000000 .000000 .000000 .000000 .000000 .000000 .000000       3.13      20.97       6.70      14.98     100.44
0.37 .442207 .402772 .133054 .020502 .001409 .000055 .000000 .000000 .000000 .000000 .000000 .000000 .000000       3.03      19.65       6.49      14.55      94.41
0.38 .431419 .406317 .138596 .022045 .001560 .000063 .000000 .000000 .000000 .000000 .000000 .000000 .000000       2.93      18.43       6.29      14.13      88.86
0.39 .420822 .409570 .144160 .023655 .001721 .000072 .000000 .000000 .000000 .000000 .000000 .000000 .000000       2.84      17.31       6.09      13.74      83.76
0.40 .410414 .412538 .149741 .025331 .001894 .000082 .000000 .000000 .000000 .000000 .000000 .000000 .000000       2.76      16.29       5.91      13.37      79.04
0.41 .400194 .415225 .155333 .027075 .002080 .000093 .000000 .000000 .000000 .000000 .000000 .000000 .000000       2.67      15.34       5.74      13.02      74.69
0.42 .390158 .417640 .160931 .028888 .002278 .000105 .000000 .000000 .000000 .000000 .000000 .000000 .000000       2.60      14.46       5.57      12.68      70.65
0.43 .380305 .419788 .166531 .030769 .002489 .000118 .000000 .000000 .000000 .000000 .000000 .000000 .000000       2.52      13.64       5.41      12.36      66.91
0.44 .370633 .421676 .172128 .032718 .002714 .000132 .000000 .000000 .000000 .000000 .000000 .000000 .000000       2.45      12.89       5.26      12.06      63.43
0.45 .361138 .423309 .177716 .034737 .002952 .000148 .000000 .000000 .000000 .000000 .000000 .000000 .000000       2.38      12.19       5.12      11.77      60.19
0.46 .351818 .424695 .183292 .036825 .003206 .000165 .000000 .000000 .000000 .000000 .000000 .000000 .000000       2.32      11.53       4.98      11.49      57.17
0.47 .342672 .425838 .188850 .038983 .003474 .000183 .000000 .000000 .000000 .000000 .000000 .000000 .000000       2.25      10.92       4.84      11.22      54.36
0.48 .333697 .426745 .194386 .041210 .003758 .000204 .000000 .000000 .000000 .000000 .000000 .000000 .000000       2.20      10.36       4.72      10.96      51.72
0.49 .324890 .427422 .199896 .043508 .004058 .000226 .000000 .000000 .000000 .000000 .000000 .000000 .000000       2.14       9.82       4.59      10.72      49.25
0.50 .316250 .427875 .205375 .045875 .004375 .000250 .000000 .000000 .000000 .000000 .000000 .000000 .000000       2.08       9.33       4.48      10.49      46.94
0.51 .307774 .428109 .210819 .048313 .004709 .000276 .000000 .000000 .000000 .000000 .000000 .000000 .000000       2.03       8.86       4.36      10.26      44.77
0.52 .299461 .428131 .216225 .050820 .005060 .000304 .000000 .000000 .000000 .000000 .000000 .000000 .000000       1.98       8.42       4.25      10.04      42.74
0.53 .291307 .427945 .221587 .053398 .005429 .000335 .000000 .000000 .000000 .000000 .000000 .000000 .000000       1.93       8.01       4.15       9.84      40.82
0.54 .283311 .427558 .226902 .056046 .005816 .000367 .000000 .000000 .000000 .000000 .000000 .000000 .000000       1.88       7.63       4.05       9.64      39.01
0.55 .275471 .426975 .232166 .058764 .006222 .000403 .000000 .000000 .000000 .000000 .000000 .000000 .000000       1.84       7.27       3.95       9.44      37.31
0.56 .267784 .426201 .237375 .061551 .006648 .000441 .000000 .000000 .000000 .000000 .000000 .000000 .000000       1.80       6.92       3.86       9.26      35.71
0.57 .260249 .425243 .242525 .064409 .007094 .000481 .000000 .000000 .000000 .000000 .000000 .000000 .000000       1.75       6.60       3.77       9.08      34.19
0.58 .252863 .424105 .247613 .067335 .007559 .000525 .000000 .000000 .000000 .000000 .000000 .000000 .000000       1.71       6.30       3.68       8.91      32.76
0.59 .245624 .422792 .252635 .070332 .008046 .000572 .000000 .000000 .000000 .000000 .000000 .000000 .000000       1.67       6.01       3.59       8.74      31.40
0.60 .238530 .421310 .257587 .073397 .008554 .000622 .000000 .000000 .000000 .000000 .000000 .000000 .000000       1.64       5.74       3.51       8.58      30.11
0.61 .231579 .419665 .262467 .076531 .009083 .000676 .000000 .000000 .000000 .000000 .000000 .000000 .000000       1.60       5.48       3.43       8.43      28.90
0.62 .224770 .417861 .267269 .079733 .009634 .000733 .000000 .000000 .000000 .000000 .000000 .000000 .000000       1.56       5.24       3.35       8.28      27.74
0.63 .218099 .415903 .271992 .083004 .010208 .000794 .000000 .000000 .000000 .000000 .000000 .000000 .000000       1.53       5.01       3.28       8.13      26.65
0.64 .211566 .413796 .276633 .086342 .010805 .000859 .000000 .000000 .000000 .000000 .000000 .000000 .000000       1.50       4.79       3.20       7.99      25.60
0.65 .205167 .411546 .281186 .089747 .011424 .000928 .000000 .000000 .000000 .000000 .000000 .000000 .000000       1.46       4.59       3.13       7.86      24.61
0.66 .198902 .409157 .285651 .093220 .012068 .001002 .000000 .000000 .000000 .000000 .000000 .000000 .000000       1.43       4.39       3.06       7.72      23.67
0.67 .192768 .406634 .290023 .096759 .012736 .001080 .000000 .000000 .000000 .000000 .000000 .000000 .000000       1.40       4.20       3.00       7.60      22.77
0.68 .186763 .403982 .294300 .100364 .013428 .001163 .000000 .000000 .000000 .000000 .000000 .000000 .000000       1.37       4.03       2.93       7.47      21.92
0.69 .180886 .401206 .298478 .104035 .014144 .001251 .000000 .000000 .000000 .000000 .000000 .000000 .000000       1.34       3.86       2.87       7.36      21.10
0.70 .175133 .398310 .302555 .107771 .014886 .001345 .000000 .000000 .000000 .000000 .000000 .000000 .000000       1.32       3.70       2.81       7.24      20.32
0.71 .169505 .395299 .306529 .111571 .015654 .001443 .000000 .000000 .000000 .000000 .000000 .000000 .000000       1.29       3.54       2.75       7.13      19.58
0.72 .163998 .392177 .310395 .115435 .016447 .001548 .000000 .000000 .000000 .000000 .000000 .000000 .000000       1.26       3.40       2.69       7.02      18.87
0.73 .158610 .388950 .314152 .119363 .017266 .001658 .000000 .000000 .000000 .000000 .000000 .000000 .000000       1.24       3.26       2.63       6.91      18.19
0.74 .153341 .385621 .317798 .123353 .018112 .001775 .000000 .000000 .000000 .000000 .000000 .000000 .000000       1.21       3.13       2.58       6.81      17.55
0.75 .148188 .382195 .321328 .127406 .018984 .001898 .000000 .000000 .000000 .000000 .000000 .000000 .000000       1.19       3.00       2.52       6.71      16.93
0.76 .143148 .378677 .324742 .131521 .019884 .002028 .000000 .000000 .000000 .000000 .000000 .000000 .000000       1.17       2.88       2.47       6.61      16.33
0.77 .138222 .375070 .328036 .135696 .020811 .002165 .000000 .000000 .000000 .000000 .000000 .000000 .000000       1.14       2.76       2.42       6.52      15.76
0.78 .133406 .371380 .331208 .139932 .021765 .002310 .000000 .000000 .000000 .000000 .000000 .000000 .000000       1.12       2.65       2.37       6.43      15.22
0.79 .128699 .367609 .334256 .144228 .022747 .002462 .000000 .000000 .000000 .000000 .000000 .000000 .000000       1.10       2.55       2.32       6.34      14.69
0.80 .124099 .363763 .337178 .148582 .023757 .002621 .000000 .000000 .000000 .000000 .000000 .000000 .000000       1.08       2.45       2.27       6.25      14.19
0.81 .119604 .359846 .339970 .152995 .024795 .002789 .000000 .000000 .000000 .000000 .000000 .000000 .000000       1.06       2.35       2.22       6.17      13.71
0.82 .115213 .355861 .342633 .157466 .025861 .002966 .000000 .000000 .000000 .000000 .000000 .000000 .000000       1.04       2.26       2.18       6.09      13.25
0.83 .110924 .351813 .345162 .161994 .026956 .003151 .000000 .000000 .000000 .000000 .000000 .000000 .000000       1.02       2.17       2.13       6.01      12.80
0.84 .106735 .347705 .347556 .166578 .028080 .003346 .000000 .000000 .000000 .000000 .000000 .000000 .000000       1.00       2.09       2.09       5.93      12.38
0.85 .102645 .343543 .349813 .171218 .029232 .003550 .000000 .000000 .000000 .000000 .000000 .000000 .000000       0.98       2.01       2.04       5.86      11.97
0.86 .098651 .339328 .351931 .175913 .030414 .003763 .000000 .000000 .000000 .000000 .000000 .000000 .000000       0.96       1.93       2.00       5.78      11.57
0.87 .094753 .335066 .353908 .180662 .031624 .003987 .000000 .000000 .000000 .000000 .000000 .000000 .000000       0.95       1.85       1.96       5.71      11.19
0.88 .090948 .330761 .355743 .185464 .032863 .004222 .000000 .000000 .000000 .000000 .000000 .000000 .000000       0.93       1.78       1.92       5.64      10.82
0.89 .087235 .326415 .357432 .190319 .034132 .004467 .000000 .000000 .000000 .000000 .000000 .000000 .000000       0.91       1.72       1.88       5.58      10.47
0.90 .083612 .322033 .358976 .195226 .035429 .004724 .000000 .000000 .000000 .000000 .000000 .000000 .000000       0.90       1.65       1.84       5.51      10.13
0.91 .080078 .317618 .360371 .200185 .036756 .004992 .000000 .000000 .000000 .000000 .000000 .000000 .000000       0.88       1.59       1.80       5.45       9.80
0.92 .076631 .313174 .361617 .205194 .038112 .005273 .000000 .000000 .000000 .000000 .000000 .000000 .000000       0.87       1.53       1.76       5.38       9.49
0.93 .073269 .308705 .362711 .210252 .039497 .005566 .000000 .000000 .000000 .000000 .000000 .000000 .000000       0.85       1.47       1.73       5.32       9.18
0.94 .069992 .304213 .363652 .215360 .040911 .005871 .000000 .000000 .000000 .000000 .000000 .000000 .000000       0.84       1.41       1.69       5.26       8.89
0.95 .066796 .299704 .364439 .220517 .042354 .006190 .000000 .000000 .000000 .000000 .000000 .000000 .000000       0.82       1.36       1.65       5.21       8.60
0.96 .063682 .295179 .365069 .225721 .043826 .006523 .000000 .000000 .000000 .000000 .000000 .000000 .000000       0.81       1.31       1.62       5.15       8.33
0.97 .060646 .290643 .365542 .230972 .045327 .006870 .000000 .000000 .000000 .000000 .000000 .000000 .000000       0.80       1.26       1.58       5.10       8.06
0.98 .057688 .286099 .365855 .236269 .046856 .007231 .000000 .000000 .000000 .000000 .000000 .000000 .000000       0.78       1.21       1.55       5.04       7.81
0.99 .054807 .281550 .366009 .241612 .048414 .007608 .000000 .000000 .000000 .000000 .000000 .000000 .000000       0.77       1.17       1.51       4.99       7.56
