0.01 .967481 .030714 .000402 .000003 .000000 .000000 .000000 .000000 .000000 .000000 .000000 .000000 .000000      76.37   11176.41     146.34     272.25   39840.82
0.02 .937166 .059837 .001576 .000022 .000000 .000000 .000000 .000000 .000000 .000000 .000000 .000000 .000000      37.97    2762.08      72.74     135.32    9844.00
0.03 .907639 .087415 .003473 .000072 .000001 .000000 .000000 .000000 .000000 .000000 .000000 .000000 .000000      25.17    1213.45      48.21      89.68    4323.76
0.04 .878883 .113498 .006047 .000168 .000003 .000000 .000000 .000000 .000000 .000000 .000000 .000000 .000000      18.77     674.66      35.95      66.86    2403.40
0.05 .850884 .138133 .009253 .000324 .000006 .000000 .000000 .000000 .000000 .000000 .000000 .000000 .000000      14.93     426.75      28.59      53.17    1519.91
0.06 .823625 .161364 .013047 .000551 .000013 .000000 .000000 .000000 .000000 .000000 .000000 .000000 .000000      12.37     292.88      23.68      44.04    1042.88
0.07 .797091 .183237 .017387 .000862 .000023 .000000 .000000 .000000 .000000 .000000 .000000 .000000 .000000      10.54     212.65      20.18      37.52     756.99
0.08 .771267 .203797 .022230 .001267 .000039 .000001 .000000 .000000 .000000 .000000 .000000 .000000 .000000       9.17     160.88      17.55      32.63     572.56
0.09 .746137 .223085 .027539 .001776 .000062 .000001 .000000 .000000 .000000 .000000 .000000 .000000 .000000       8.10     125.60      15.50      28.82     446.89
0.10 .721687 .241146 .033273 .002399 .000093 .000002 .000000 .000000 .000000 .000000 .000000 .000000 .000000       7.25     100.52      13.87      25.78     357.55
0.11 .697903 .258019 .039396 .003144 .000135 .000003 .000000 .000000 .000000 .000000 .000000 .000000 .000000       6.55      82.07      12.53      23.29     291.85
0.12 .674770 .273746 .045873 .004018 .000189 .000004 .000000 .000000 .000000 .000000 .000000 .000000 .000000       5.97      68.13      11.42      21.21     242.20
0.13 .652274 .288365 .052667 .005029 .000258 .000006 .000000 .000000 .000000 .000000 .000000 .000000 .000000       5.48      57.34      10.47      19.46     203.80
0.14 .630402 .301917 .059746 .006182 .000344 .000009 .000000 .000000 .000000 .000000 .000000 .000000 .000000       5.05      48.84       9.66      17.95     173.52
0.15 .609139 .314439 .067077 .007483 .000449 .000013 .000000 .000000 .000000 .000000 .000000 .000000 .000000       4.69      42.02       8.96      16.65     149.25
0.16 .588472 .325967 .074630 .008937 .000576 .000018 .000000 .000000 .000000 .000000 .000000 .000000 .000000       4.37      36.47       8.35      15.51     129.51
0.17 .568388 .336539 .082374 .010547 .000727 .000024 .000000 .000000 .000000 .000000 .000000 .000000 .000000       4.09      31.91       7.81      14.50     113.25
0.18 .548875 .346190 .090280 .012318 .000905 .000032 .000000 .000000 .000000 .000000 .000000 .000000 .000000       3.83      28.10       7.33      13.61      99.72
0.19 .529919 .354954 .098321 .014252 .001113 .000041 .000000 .000000 .000000 .000000 .000000 .000000 .000000       3.61      24.91       6.90      12.80      88.34
0.20 .511507 .362865 .106470 .016351 .001353 .000053 .000001 .000000 .000000 .000000 .000000 .000000 .000000       3.41      22.19       6.51      12.08      78.69
0.21 .493628 .369957 .114701 .018616 .001628 .000068 .000001 .000000 .000000 .000000 .000000 .000000 .000000       3.23      19.87       6.16      11.43      70.43
0.22 .476269 .376262 .122990 .021050 .001942 .000086 .000001 .000000 .000000 .000000 .000000 .000000 .000000       3.06      17.87       5.84      10.84      63.33
0.23 .459419 .381811 .131314 .023651 .002297 .000106 .000001 .000000 .000000 .000000 .000000 .000000 .000000       2.91      16.14       5.55      10.30      57.17
0.24 .443064 .386636 .139651 .026420 .002696 .000131 .000002 .000000 .000000 .000000 .000000 .000000 .000000       2.77      14.63       5.29       9.80      51.81
0.25 .427195 .390766 .147977 .029357 .003142 .000160 .000002 .000000 .000000 .000000 .000000 .000000 .000000       2.64      13.31       5.04       9.34      47.10
0.26 .411799 .394231 .156275 .032460 .003638 .000194 .000003 .000000 .000000 .000000 .000000 .000000 .000000       2.52      12.14       4.81       8.92      42.96
0.27 .396866 .397058 .164522 .035728 .004187 .000234 .000004 .000000 .000000 .000000 .000000 .000000 .000000       2.41      11.11       4.60       8.53      39.29
0.28 .382384 .399278 .172703 .039159 .004793 .000280 .000004 .000000 .000000 .000000 .000000 .000000 .000000       2.31      10.20       4.41       8.17      36.03
0.29 .368343 .400916 .180797 .042749 .005458 .000332 .000006 .000000 .000000 .000000 .000000 .000000 .000000       2.22       9.38       4.23       7.83      33.13
0.30 .354731 .401998 .188790 .046497 .006185 .000392 .000007 .000000 .000000 .000000 .000000 .000000 .000000       2.13       8.65       4.06       7.52      30.52
0.31 .341539 .402552 .196665 .050398 .006977 .000461 .000008 .000000 .000000 .000000 .000000 .000000 .000000       2.05       7.99       3.90       7.22      28.19
0.32 .328757 .402601 .204407 .054449 .007838 .000538 .000010 .000000 .000000 .000000 .000000 .000000 .000000       1.97       7.39       3.75       6.95      26.08
0.33 .316373 .402172 .212002 .058646 .008769 .000625 .000012 .000000 .000000 .000000 .000000 .000000 .000000       1.90       6.86       3.61       6.69      24.18
0.34 .304379 .401286 .219437 .062985 .009775 .000723 .000014 .000000 .000000 .000000 .000000 .000000 .000000       1.83       6.37       3.48       6.44      22.45
0.35 .292765 .399968 .226699 .067460 .010858 .000833 .000017 .000000 .000000 .000000 .000000 .000000 .000000       1.76       5.93       3.36       6.21      20.88
0.36 .281521 .398240 .233777 .072066 .012020 .000956 .000020 .000000 .000000 .000000 .000000 .000000 .000000       1.70       5.53       3.24       6.00      19.45
0.37 .270637 .396125 .240660 .076798 .013264 .001093 .000024 .000000 .000000 .000000 .000000 .000000 .000000       1.65       5.16       3.13       5.79      18.14
0.38 .260106 .393642 .247338 .081649 .014593 .001244 .000028 .000000 .000000 .000000 .000000 .000000 .000000       1.59       4.82       3.03       5.60      16.95
0.39 .249916 .390814 .253800 .086615 .016010 .001411 .000033 .000000 .000000 .000000 .000000 .000000 .000000       1.54       4.51       2.93       5.41      15.85
0.40 .240061 .387660 .260040 .091689 .017516 .001596 .000038 .000000 .000000 .000000 .000000 .000000 .000000       1.49       4.23       2.84       5.23      14.85
0.41 .230531 .384199 .266049 .096863 .019115 .001800 .000044 .000000 .000000 .000000 .000000 .000000 .000000       1.44       3.97       2.75       5.07      13.92
0.42 .221317 .380452 .271819 .102132 .020808 .002023 .000051 .000000 .000000 .000000 .000000 .000000 .000000       1.40       3.73       2.66       4.91      13.06
0.43 .212411 .376435 .277344 .107488 .022597 .002267 .000059 .000000 .000000 .000000 .000000 .000000 .000000       1.36       3.50       2.58       4.76      12.27
0.44 .203805 .372166 .282618 .112924 .024485 .002534 .000067 .000000 .000000 .000000 .000000 .000000 .000000       1.32       3.30       2.50       4.61      11.5444
0.45 .195492 .367664 .287636 .118432 .026474 .002825 .000077 .000000 .000000 .000000 .000000 .000000 .000000       1.28       3.10       2.43       4.47      10.87
0.46 .187462 .362945 .292393 .124006 .028564 .003142 .000088 .000000 .000000 .000000 .000000 .000000 .000000       1.24       2.93       2.36       4.34      10.24
0.47 .179709 .358024 .296886 .129636 .030759 .003485 .000100 .000000 .000000 .000000 .000000 .000000 .000000       1.21       2.76       2.29       4.21       9.65
0.48 .172225 .352918 .301110 .135317 .033059 .003858 .000114 .000000 .000000 .000000 .000000 .000000 .000000       1.17       2.61       2.23       4.09       9.11
0.49 .165002 .347642 .305063 .141038 .035465 .004261 .000129 .000000 .000000 .000000 .000000 .000000 .000000       1.14       2.46       2.16       3.98       8.60
0.50 .158033 .342209 .308742 .146794 .037980 .004697 .000145 .000000 .000000 .000000 .000000 .000000 .000000       1.11       2.33       2.10       3.87       8.13
0.51 .151311 .336635 .312146 .152574 .040603 .005166 .000164 .000000 .000000 .000000 .000000 .000000 .000000       1.08       2.21       2.05       3.76       7.69
0.52 .144829 .330933 .315274 .158372 .043336 .005672 .000184 .000000 .000000 .000000 .000000 .000000 .000000       1.05       2.09       1.99       3.65       7.28
0.53 .138581 .325116 .318124 .164178 .046179 .006215 .000206 .000000 .000000 .000000 .000000 .000000 .000000       1.02       1.98       1.94       3.56       6.89
0.54 .132558 .319196 .320697 .169985 .049134 .006799 .000231 .000000 .000000 .000000 .000000 .000000 .000000       1.00       1.88       1.89       3.46       6.53
0.55 .126756 .313187 .322993 .175783 .052200 .007424 .000257 .000000 .000000 .000000 .000000 .000000 .000000       0.97       1.78       1.84       3.37       6.19
0.56 .121168 .307098 .325011 .181566 .055377 .008093 .000287 .000000 .000000 .000000 .000000 .000000 .000000       0.94       1.69       1.79       3.28       5.87
0.57 .115786 .300943 .326755 .187323 .058665 .008808 .000319 .000000 .000000 .000000 .000000 .000000 .000000       0.92       1.61       1.74       3.19       5.57
0.58 .110606 .294731 .328224 .193047 .062065 .009572 .000354 .000000 .000000 .000000 .000000 .000000 .000000       0.90       1.53       1.70       3.11       5.29
0.59 .105621 .288473 .329421 .198730 .065576 .010386 .000392 .000000 .000000 .000000 .000000 .000000 .000000       0.88       1.45       1.66       3.03       5.02
0.60 .100826 .282180 .330349 .204363 .069196 .011253 .000434 .000000 .000000 .000000 .000000 .000000 .000000       0.85       1.38       1.62       2.95       4.77
0.61 .096213 .275859 .331009 .209937 .072926 .012176 .000479 .000000 .000000 .000000 .000000 .000000 .000000       0.83       1.31       1.58       2.88       4.54
0.62 .091779 .269522 .331406 .215446 .076764 .013156 .000528 .000000 .000000 .000000 .000000 .000000 .000000       0.81       1.25       1.54       2.81       4.32
0.63 .087517 .263175 .331542 .220879 .080708 .014196 .000581 .000000 .000000 .000000 .000000 .000000 .000000       0.79       1.19       1.50       2.74       4.11
0.64 .083423 .256829 .331421 .226230 .084758 .015300 .000639 .000000 .000000 .000000 .000000 .000000 .000000       0.77       1.14       1.46       2.67       3.91
0.65 .079490 .250490 .331048 .231491 .088912 .016468 .000701 .000000 .000000 .000000 .000000 .000000 .000000       0.76       1.08       1.43       2.60       3.72
0.66 .075714 .244167 .330426 .236653 .093167 .017704 .000769 .000000 .000000 .000000 .000000 .000000 .000000       0.74       1.03       1.40       2.54       3.55
0.67 .072089 .237866 .329561 .241709 .097522 .019012 .000841 .000000 .000000 .000000 .000000 .000000 .000000       0.72       0.98       1.36       2.48       3.38
0.68 .068611 .231594 .328458 .246652 .101973 .020392 .000919 .000000 .000000 .000000 .000000 .000000 .000000       0.71       0.94       1.33       2.42       3.22
0.69 .065276 .225358 .327121 .251473 .106519 .021849 .001004 .000000 .000000 .000000 .000000 .000000 .000000       0.69       0.90       1.30       2.36       3.07
0.70 .062078 .219165 .325556 .256167 .111155 .023385 .001094 .000000 .000000 .000000 .000000 .000000 .000000       0.67       0.86       1.27       2.30       2.93
0.71 .059013 .213019 .323769 .260725 .115880 .025003 .001191 .000000 .000000 .000000 .000000 .000000 .000000       0.66       0.82       1.24       2.25       2.79
0.72 .056076 .206926 .321765 .265141 .120690 .026706 .001296 .000000 .000000 .000000 .000000 .000000 .000000       0.64       0.78       1.21       2.20       2.67
0.73 .053263 .200893 .319552 .269408 .125580 .028498 .001407 .000000 .000000 .000000 .000000 .000000 .000000       0.63       0.75       1.19       2.15       2.54
0.74 .050571 .194922 .317134 .273520 .130547 .030380 .001527 .000000 .000000 .000000 .000000 .000000 .000000       0.61       0.71       1.16       2.10       2.43
0.75 .047994 .189020 .314519 .277470 .135586 .032356 .001655 .000000 .000000 .000000 .000000 .000000 .000000       0.60       0.68       1.13       2.05       2.32
0.76 .045529 .183190 .311713 .281253 .140693 .034430 .001792 .000000 .000000 .000000 .000000 .000000 .000000       0.59       0.65       1.11       2.00       2.22
0.77 .043172 .177436 .308723 .284862 .145864 .036605 .001938 .000000 .000000 .000000 .000000 .000000 .000000       0.57       0.62       1.08       1.95       2.12
0.78 .040919 .171762 .305556 .288293 .151092 .038883 .002094 .000000 .000000 .000000 .000000 .000000 .000000       0.56       0.60       1.06       1.91       2.02
0.79 .038766 .166172 .302219 .291540 .156374 .041269 .002261 .000000 .000000 .000000 .000000 .000000 .000000       0.55       0.57       1.04       1.86       1.93
0.80 .036711 .160668 .298718 .294599 .161702 .043765 .002438 .000000 .000000 .000000 .000000 .000000 .000000       0.54       0.55       1.01       1.82       1.85
0.81 .034748 .155253 .295062 .297464 .167071 .046375 .002627 .000000 .000000 .000000 .000000 .000000 .000000       0.53       0.52       0.99       1.78       1.77
0.82 .032876 .149931 .291257 .300131 .172475 .049102 .002827 .000000 .000000 .000000 .000000 .000000 .000000       0.51       0.50       0.97       1.74       1.69
0.83 .031090 .144703 .287311 .302596 .177908 .051950 .003041 .000000 .000000 .000000 .000000 .000000 .000000       0.50       0.48       0.95       1.70       1.61
0.84 .029388 .139572 .283232 .304856 .183362 .054923 .003267 .000000 .000000 .000000 .000000 .000000 .000000       0.49       0.46       0.93       1.66       1.54
0.85 .027766 .134540 .279026 .306908 .188830 .058023 .003507 .000000 .000000 .000000 .000000 .000000 .000000       0.48       0.44       0.91       1.63       1.48
0.86 .026222 .129608 .274701 .308747 .194305 .061255 .003762 .000000 .000000 .000000 .000000 .000000 .000000       0.47       0.42       0.89       1.59       1.41
0.87 .024751 .124778 .270264 .310372 .199779 .064622 .004033 .000000 .000000 .000000 .000000 .000000 .000000       0.46       0.40       0.87       1.55       1.35
0.88 .023352 .120051 .265724 .311781 .205245 .068128 .004319 .000000 .000000 .000000 .000000 .000000 .000000       0.45       0.39       0.85       1.52       1.29
0.89 .022022 .115428 .261087 .312971 .210693 .071776 .004622 .000000 .000000 .000000 .000000 .000000 .000000       0.44       0.37       0.83       1.49       1.24
0.90 .020757 .110911 .256362 .313941 .216116 .075571 .004942 .000000 .000000 .000000 .000000 .000000 .000000       0.43       0.35       0.82       1.45       1.19
0.91 .019556 .106499 .251554 .314690 .221504 .079515 .005281 .000000 .000000 .000000 .000000 .000000 .000000       0.42       0.34       0.80       1.42       1.14
0.92 .018416 .102194 .246673 .315217 .226848 .083614 .005639 .000000 .000000 .000000 .000000 .000000 .000000       0.41       0.32       0.78       1.39       1.09
0.93 .017334 .097996 .241724 .315521 .232138 .087870 .006017 .000000 .000000 .000000 .000000 .000000 .000000       0.41       0.31       0.77       1.36       1.04
0.94 .016308 .093905 .236716 .315604 .237365 .092287 .006416 .000000 .000000 .000000 .000000 .000000 .000000       0.40       0.30       0.75       1.33       1.00
0.95 .015335 .089921 .231654 .315465 .242518 .096870 .006836 .000000 .000000 .000000 .000000 .000000 .000000       0.39       0.29       0.73       1.30       0.96
0.96 .014414 .086044 .226548 .315106 .247587 .101622 .007280 .000000 .000000 .000000 .000000 .000000 .000000       0.38       0.27       0.72       1.27       0.92
0.97 .013542 .082274 .221402 .314528 .252561 .106547 .007747 .000000 .000000 .000000 .000000 .000000 .000000       0.37       0.26       0.70       1.25       0.88
0.98 .012717 .078610 .216225 .313732 .257429 .111649 .008238 .000000 .000000 .000000 .000000 .000000 .000000       0.36       0.25       0.69       1.22       0.84
0.99 .011937 .075052 .211022 .312722 .262179 .116932 .008756 .000000 .000000 .000000 .000000 .000000 .000000       0.36       0.24       0.67       1.19       0.80
