0
4
8
12
16
20
24
28
32
36
40
44
48
52
56
60
1
5
9
13
17
21
25
29
33
37
41
45
49
53
57
61
2
6
10
14
18
22
26
30
34
38
42
46
50
54
58
62
3
7
11
15
19
23
27
31
35
39
43
47
51
55
59
63
64
68
72
76
80
84
88
92
96
100
104
108
112
116
120
124
65
69
73
77
81
85
89
93
97
101
105
109
113
117
121
125
66
70
74
78
82
86
90
94
98
102
106
110
114
118
122
126
67
71
75
79
83
87
91
95
99
103
107
111
115
119
123
127
0
4
8
12
16
20
24
28
32
36
40
44
48
52
56
60
1
5
9
13
17
21
25
29
33
37
41
45
49
53
57
61
2
6
10
14
18
22
26
30
34
38
42
46
50
54
58
62
3
7
11
15
19
23
27
31
35
39
43
47
51
55
59
63
64
68
72
76
80
84
88
92
96
100
104
108
112
116
120
124
65
69
73
77
81
85
89
93
97
101
105
109
113
117
121
125
66
70
74
78
82
86
90
94
98
102
106
110
114
118
122
126
67
71
75
79
83
87
91
95
99
103
107
111
115
119
123
127
0
2
4
6
8
10
12
14
16
18
20
22
24
26
28
30
1
3
5
7
9
11
13
15
17
19
21
23
25
27
29
31
32
34
36
38
40
42
44
46
48
50
52
54
56
58
60
62
33
35
37
39
41
43
45
47
49
51
53
55
57
59
61
63
64
66
68
70
72
74
76
78
80
82
84
86
88
90
92
94
65
67
69
71
73
75
77
79
81
83
85
87
89
91
93
95
96
98
100
102
104
106
108
110
112
114
116
118
120
122
124
126
97
99
101
103
105
107
109
111
113
115
117
119
121
123
125
127
0
2
4
6
8
10
12
14
16
18
20
22
24
26
28
30
1
3
5
7
9
11
13
15
17
19
21
23
25
27
29
31
32
34
36
38
40
42
44
46
48
50
52
54
56
58
60
62
33
35
37
39
41
43
45
47
49
51
53
55
57
59
61
63
64
66
68
70
72
74
76
78
80
82
84
86
88
90
92
94
65
67
69
71
73
75
77
79
81
83
85
87
89
91
93
95
96
98
100
102
104
106
108
110
112
114
116
118
120
122
124
126
97
99
101
103
105
107
109
111
113
115
117
119
121
123
125
127
