102
113
95
103
94
96
104
98
97
105
101
99
106
100
107
115
67
65
66
68
38
39
71
44
40
72
45
41
69
42
70
43
74
15
19
116
16
20
108
17
1
73
18
2
76
3
77
4
49
54
26
51
47
21
27
48
22
50
46
23
52
24
53
25
78
109
75
80
81
110
83
82
92
85
111
93
84
79
112
90
0
0
0
0
0
0
0
0
0
0
0
0
29
30
28
31
91
11
5
114
12
6
89
13
7
88
14
8
87
9
86
10
55
56
33
60
63
34
61
58
35
62
32
36
64
37
57
59
